Variational - all
-14582.2022587	-14690.2075388	-14660.7010604	-14630.6640318	-14645.1638528	-14606.9613876	-14702.9712343	-14738.162709	-14727.3749577	-14696.5369005
-13820.6094893	-13511.5397062	-13810.9060877	-13988.6910803	-13766.8443494	-14055.8018784	-13730.9164806	-13639.0419658	-13868.2838892	-13875.8277187
-14286.2242469	-14144.405676	-14405.442727	-13908.8308868	-14091.2346737	-14338.2273411	-14512.7728441	-14126.5103413	-14007.0919606	-14078.6239763
-14448.0062078	-14615.897173	-14490.6828023	-14449.1247991	-14572.8862815	-14552.9474164	-14625.362472	-14450.2769565	-14376.8731772	-14897.4180235
-14999.5557351	-14737.8365906	-14794.4446001	-15158.5819004	-14753.2882209	-15120.8604584	-15008.5350509	-14945.7911495	-14734.7433826	-14888.9953853
-15414.7562271	-15295.6958035	-15468.1336792	-15312.6911969	-16063.6346937	-15496.115476	-15286.8551278	-15129.30473	-15673.3321887	-15344.801833
-16243.2725912	-15284.547044	-15824.7027137	-15891.5787441	-15885.3346782	-15239.3409573	-15714.4336946	-15448.042039	-15891.7471616	-16087.5654294
-16020.582988	-15883.209957	-16042.4120778	-15945.7165351	-16246.3581563	-15814.6878563	-16189.1204699	-16488.3844699	-16565.3851547	-15649.6296189
-16635.6954931	-16150.3313126	-16606.3648999	-16923.8603848	-17049.3457373	-16312.755342	-16456.7772622	-16022.6298294	-16712.0257477	-16455.4173904
-17179.1560593	-16883.5206579	-16605.3659915	-17116.3394917	-17053.4130826	-17051.3460611	-16641.0431765	-17177.5096876	-16195.2904994	-16522.0696176
-16585.4162149	-17123.1490312	-18425.0964471	-16593.1009578	-17085.9312421	-17464.6558931	-16529.9694872	-17465.1069011	-16081.1999451	-17269.8876408
-18115.7707367	-17414.6737767	-17969.9236809	-17362.7671321	-18420.9726665	-17992.1937148	-18014.4337998	-18201.0857452	-18483.9915606	-17783.8244924
-17924.0239652	-18035.9691024	-17585.2023946	-18868.6348812	-18178.2158067	-18401.0098851	-17980.7003164	-17969.9847502	-17949.8755719	-18040.0182902
-18048.4686273	-17548.6582754	-19195.9299346	-19143.2316713	-18121.2219072	-18393.035423	-18990.2732579	-18529.3394958	-19113.8075341	-18528.3072991
-18439.1067928	-18672.0221455	-19978.9171876	-18713.7555028	-18760.1056541	-19508.7484801	-18365.6656359	-19609.0621464	-19261.2571248	-19366.7128263
-19801.9087707	-19851.6351667	-19378.3883052	-19674.9906114	-20477.0499967	-19184.8420388	-19376.7193072	-19614.3557187	-18400.4033642	-18720.2819249
-19846.7187162	-20237.6252302	-20844.5985145	-19403.4097798	-19407.9664967	-19631.1568568	-19863.502183	-19045.1436773	-19872.1959718	-19536.0142865
-20309.5744841	-20352.109403	-20961.4670468	-18960.0135414	-19649.6951844	-20517.7394327	-19574.0197078	-19760.1821386	-20190.4773881	-18748.883599
-21547.160688	-20817.8425812	-20951.2758042	-19912.6548429	-19996.0825462	-20337.0144885	-19570.9785538	-20341.3821376	-20470.8811911	-21027.8188431
-20063.4376484	-20465.730502	-22890.1227043	-20227.3986825	-20864.6145537	-21542.1134118	-21698.3504313	-19866.845662	-21683.3170365	-19993.3496576
Variational - average
-14668.0945932	-13806.8462646	-14189.9364674	-14547.9475309	-14914.2632474	-15448.5320956	-15751.0565053	-16084.5487284	-16532.52034	-16842.5054325	-17062.351376	-17975.9637306	-18093.3634964	-18561.2273426	-19067.5353496	-19448.0575205	-19768.8331713	-19902.4161926	-20497.3091677	-20929.528029
Variational - best
-14582.2022587	-13511.5397062	-13908.8308868	-14376.8731772	-14734.7433826	-15129.30473	-15239.3409573	-15649.6296189	-16022.6298294	-16195.2904994	-16081.1999451	-17362.7671321	-17585.2023946	-17548.6582754	-18365.6656359	-18400.4033642	-19045.1436773	-18748.883599	-19570.9785538	-19866.845662
RMSE - all
1.85829385613	2.1143917363	1.85929408739	1.88497226741	2.08911138258	1.84020040885	2.12550845321	1.96150311873	1.88600304059	1.90041249006
1.08704107692	1.06443363988	1.01863215171	1.10793533571	1.02082891362	1.1592916011	1.05697397283	1.12914917103	1.03929619406	1.11098573385
1.01210484135	1.12224817558	1.07158917406	1.08330098641	1.12825116204	1.08558241886	1.05055299013	1.12440231558	1.03543202279	1.04695160927
1.02456220291	1.04462475953	1.09232753881	1.08046626467	1.00051780092	1.10714000261	1.0815386079	1.06805524252	1.06903806619	1.10144702164
1.02232031123	1.05290596518	1.03038299842	0.996865424138	1.01716412755	1.02471417218	1.00260465322	1.11222116401	1.13171935481	1.03252559337
1.06460467007	1.03164158471	1.07327828533	1.09587210085	1.06697224211	1.10627093655	1.08273043959	1.08778579692	1.06836448603	1.02625933038
1.1079751891	1.04335340917	1.11007077926	1.13162564659	1.07309251905	1.03419475901	1.05389166518	1.12086410292	0.995277401277	1.09014458461
1.06340236635	1.09832237131	1.10691815127	1.04859317483	1.03681997419	1.05210033065	0.988219079226	1.03879346331	1.03583646359	1.11485252656
1.05291647805	1.04783517727	1.04619389284	1.00656291943	1.13934147716	1.07231433431	1.17837168367	1.11785179546	1.07055890178	1.12373438855
1.0120531671	1.09042598156	0.994542576581	1.05025328976	1.11120354928	1.03913678774	1.05790545934	1.01433443299	1.0140913508	1.00626204397
1.03712182627	1.13815771482	1.09559106336	1.10222699357	1.05047613083	1.03022745471	0.995947833746	0.965372949165	1.7692954403	0.991348868563
1.1504553618	1.00501189014	0.982546702559	1.07669866064	1.12431239723	1.1252067107	1.16745226647	1.14929826364	1.02413453808	1.11166800185
0.92862375506	1.02983218631	1.08564647193	1.08573003745	1.08502889438	1.11689309557	1.01593757455	1.10940662451	1.14114807526	1.01498178125
1.0719725835	1.11945502419	0.99794038144	1.01182367569	1.07888666449	1.0510455164	1.01571313038	1.04765926103	1.05039065159	0.951850241344
1.03204342115	1.04053319356	1.08562389242	1.05116699531	1.03423317508	1.00926238786	1.08712763764	1.19764560372	1.05783547077	1.01085520444
1.07434388187	1.1402040872	0.984202289743	1.07550468384	1.01711948215	1.01216726358	1.02750403354	1.05801498887	1.02660492864	1.07201093483
1.04580658035	1.16007436349	1.01460522951	0.991834123668	1.12556259551	0.939524813267	1.04282547997	1.12188850217	1.0856329665	1.05428008767
0.982599686882	1.04747047779	1.09129877905	1.05155733094	0.995362857146	1.01371284177	1.01736076881	1.03549800874	1.08069589763	0.981126334787
1.00715291559	1.07680381449	1.08213204526	1.08050718711	0.977509666425	1.00396070062	1.04362293956	1.11719267596	1.04698325908	1.06412489618
1.0397047999	1.08178907998	1.10039376977	1.08691615404	1.01126573932	1.13798540111	1.11715876478	1.0637729608	0.930826970296	1.08614097043
RMSE - average
1.95196908412	1.07945677907	1.07604156961	1.06697175077	1.04234237641	1.07037798725	1.07604900562	1.05838579013	1.08556810485	1.03902086391	1.11757662753	1.09167847931	1.06132284963	1.03967371301	1.06063269819	1.04876765743	1.05820347421	1.02966829835	1.04999901003	1.06559546104
RMSE - best
1.84020040885	1.01863215171	1.01210484135	1.00051780092	0.996865424138	1.02625933038	0.995277401277	0.988219079226	1.00656291943	0.994542576581	0.965372949165	0.982546702559	0.92862375506	0.951850241344	1.00926238786	0.984202289743	0.939524813267	0.981126334787	0.977509666425	0.930826970296
