Variational - all
-65483.0514314	-65912.9524668	-65772.6432865	-65687.5133666	-65717.0156478
-72975.3172368	-71304.4878219	-63951.7046683	-61434.4358339	-61251.5594372
-70998.3362373	-57398.7402863	-79039.2700975	-73836.8843296	-67767.5742862
-77404.6229854	-65572.3064348	-64204.2414868	-65436.3415696	-65893.1662432
-56979.3655608	-61442.9804833	-69239.3941013	-52116.749806	-74005.9261725
-53941.102361	-64445.6440939	-72421.9943777	-65647.7422534	-68488.1225758
-77296.4347007	-63645.6437218	-70583.4976684	-72541.4212195	-65291.1397714
-75320.3685797	-68212.0286	-69434.7249802	-59725.4281153	-60976.4820179
-77739.8012366	-82607.587427	-70467.9141794	-67948.8283309	-86629.7869494
-72157.3612139	-78155.6820068	-73173.9972277	-77293.5045428	-80638.3680466
Variational - average
-65714.6352398	-66183.5009996	-69808.1610474	-67702.135744	-62756.8832248	-64988.9211324	-69871.6274164	-66733.8064586	-77078.7836246	-76283.7826076
Variational - best
-65483.0514314	-61251.5594372	-57398.7402863	-64204.2414868	-52116.749806	-53941.102361	-63645.6437218	-59725.4281153	-67948.8283309	-72157.3612139
RMSE predictions - all
0.39860233029	0.385637543724	0.389923129248	0.392516898017	0.392047268635
0.393373294156	0.38386096353	0.374763947197	0.377280780676	0.380632851007
0.369417770453	0.3502385306	0.391110284694	0.378769318939	0.364113525138
0.37495375147	0.360889522045	0.346211432556	0.352666880099	0.386406857587
0.357922911941	0.344761575875	0.350545400271	0.344327489776	0.363796861023
0.342912478589	0.338676953872	0.353157555822	0.336507261569	0.35019919396
0.361425706521	0.343054456112	0.341149147209	0.362964965119	0.339362779789
0.356659412698	0.343343219992	0.347177553943	0.335442796483	0.335437004084
0.34977912234	0.364795211627	0.367218351128	0.341923156432	0.34284788079
0.341386842757	0.355673449706	0.351090904583	0.366623547055	0.330504649035
RMSE predictions - average
0.391745433983	0.381982367313	0.370729885965	0.364225688751	0.352270847777	0.344290688762	0.34959141095	0.34361199744	0.353312744463	0.349055878627
RMSE predictions - best
0.39860233029	0.393373294156	0.391110284694	0.386406857587	0.363796861023	0.353157555822	0.362964965119	0.356659412698	0.367218351128	0.366623547055
NRMSE predictions - all
0.0293089948743	0.0283557017444	0.0286708183271	0.0288615366189	0.0288270050467
0.0289245069232	0.0282250708478	0.027556172588	0.0277412338732	0.0279877096329
0.0271630713569	0.0257528331323	0.0287581091687	0.0278506852161	0.026773053319
0.0284702924426	0.0272987535586	0.0254567229821	0.0259313882426	0.0292289604832
0.0263178611721	0.0253501158731	0.0257753970787	0.026045952328	0.0267497691929
0.0252141528374	0.0249027171964	0.0259674673399	0.0247431809977	0.0257499407323
0.0265754195971	0.0252245923612	0.0250844961183	0.0266886003764	0.0249531455727
0.026224956816	0.0252458249994	0.0255277613194	0.0246649115061	0.0246644855944
0.0257190531133	0.0268231773255	0.0270013493477	0.0251414085612	0.0252094029992
0.0251019737321	0.0261524595372	0.0258155076899	0.0277324922129	0.024301812429
NRMSE predictions - average
0.0288048113223	0.028086938773	0.0272595504386	0.0272772235418	0.026047819129	0.0253154918208	0.0257052508051	0.0252655880471	0.0259788782694	0.0258208491202
NRMSE predictions - best
0.0293089948743	0.0289245069232	0.0287581091687	0.0292289604832	0.0267497691929	0.0259674673399	0.0266886003764	0.026224956816	0.0270013493477	0.0277324922129
